768.9200
769.1000
769.4450
770.0000
770.6600
771.7100
770.7800
771.4000
771.5650
771.3500
771.6800
771.7900
771.4050
771.7200
771.3886
771.9300
770.6500
771.0590
771.0649
771.1678
771.2732
771.2986
771.5417
771.8000
771.3900
771.6500
771.3150
771.0436
771.4100
771.2400
771.6600
771.5600
771.7100
772.0000
771.9200
772.1175
772.3800
771.8292
771.7700
771.9200
771.6350
771.2000
771.2999
770.4700
769.7200
770.0199
769.8200
770.3200
770.2100
769.9800
770.3190
770.3700
769.9457
770.2600
770.3250
770.5700
770.5100
770.8000
771.3700
771.0300
770.9028
770.6650
769.8600
769.4400
769.2500
769.6000
769.6200
769.2000
769.3400
769.6400
769.9100
769.5800
769.5800
769.5600
769.4755
769.4900
769.3800
769.5000
769.2900
768.6600
769.0600
768.9300
769.3581
769.1300
769.1804
769.2300
769.5300
769.6100
769.8500
769.6700
770.1700
770.1700
770.7000
770.4700
770.1000
770.4100
770.4500
770.7700
770.6100
770.8000
770.9200
770.4700
770.3601
770.4100
769.7900
769.8150
769.7875
769.8200
769.9400
769.8800
769.5000
769.6400
770.1600
770.2300
770.0000
769.8150
770.3000
770.4300
770.2200
770.2400
770.3800
770.3800
770.0900
770.3100
770.3000
769.9200
770.3600
770.1200
770.0700
770.1200
770.3900
770.5500
770.4500
770.6200
769.8501
769.6000
769.7600
769.8200
769.9200
770.0900
770.1000
769.8800
770.1100
770.1400
770.3100
770.1324
770.0600
769.9099
769.9600
770.2100
770.1500
770.3800
770.3900
770.5700
770.6700
771.3000
771.3800
771.3600
771.3500
771.0111
771.0100
770.9500
770.8881
770.7100
770.8000
770.8800
770.9000
771.0100
770.8500
770.8600
770.7410
770.5000
770.5700
770.6600
770.1400
770.4000
770.2600
770.2826
770.1200
770.3300
770.3500
770.4600
770.3400
770.2000
770.6320
770.0800
770.1775
770.3597
770.3000
770.2800
770.5300
769.9610
770.6300
770.3700
770.8900
770.9412
771.0899
770.8900
771.0300
771.0252
770.9100
771.2800
771.1300
771.1050
770.9500
771.1866
771.2700
771.2050
771.2100
771.1680
771.1000
771.1257
771.1900
771.1600
771.2400
771.2400
771.3200
771.7900
771.9867
771.9000
771.8650
771.8200
771.7000
771.5400
771.7350
771.9600
771.8501
772.1800
772.0025
772.1300
771.9400
772.0500
772.3000
772.4900
772.7300
772.4610
772.4600
772.2900
772.4900
772.4450
772.5500
772.6900
772.8400
772.5900
772.6750
772.3700
772.7600
772.5800
772.6200
772.5600
772.6500
772.6400
772.5900
772.7000
772.3400
772.2900
772.3700
772.5300
772.4800
772.2450
772.3300
772.1200
772.2000
772.1800
772.0800
772.3900
772.6100
772.4200
772.7400
772.8400
772.9800
773.1200
772.8400
773.1200
772.7100
772.5400
772.5800
772.6100
772.4900
772.4400
772.5643
772.6800
772.7898
772.7507
772.9300
773.0300
772.8500
772.8500
772.7300
773.1800
772.9300
772.9800
773.0100
772.5400
772.6488
772.5400
772.6100
772.0100
772.0700
771.8599
771.7671
771.5400
771.9100
771.7650
771.9900
772.3100
772.6099
772.2500
772.0001
772.0500
772.1300
772.6300
772.4300
772.2400
772.2100
772.0000
772.0000
772.1250
772.3300
772.4000
772.1000
772.1300
772.0200
771.8600
772.1700
771.9125
772.1300
771.8225
771.8100
772.1001
772.1900
772.1700
771.7600
771.5500
771.6750
771.6600
771.8000
771.9600
772.0500
772.0900
772.1900
772.3200
772.3200
772.1990
772.4100
772.3500
772.3000
772.3200
772.2300
771.8300
771.2200
771.4100